[
    {
        "r": [
            [
                0.8761342012188561,
                0.06925962026449761,
                0.47706599800804766
            ],
            [
                -0.04747421839895038,
                0.9972110940209487,
                -0.05758673934988297
            ],
            [
                -0.4797239414934445,
                0.027805376500960904,
                0.8769787916452906
            ]
        ],
        "t": [
            -3.0089893469241797,
            -0.11086489695181523,
            -3.752764094914141
        ]
    },
    {
        "r": [
            [
                0.868603998036391,
                0.0709613286720969,
                0.49039941316062763
            ],
            [
                -0.048809258606446915,
                0.9971323120387648,
                -0.057834319936490165
            ],
            [
                -0.49309710085285063,
                0.026299089743144245,
                0.8695766826503548
            ]
        ],
        "t": [
            -3.019152641940594,
            -0.10892229576808027,
            -3.730391429475842
        ]
    },
    {
        "r": [
            [
                0.8608676547037917,
                0.07263960793502496,
                0.5036172837024552
            ],
            [
                -0.05014019113176191,
                0.997050695053349,
                -0.058102260944856085
            ],
            [
                -0.5063524882115854,
                0.024766890250486104,
                0.8619708572969603
            ]
        ],
        "t": [
            -3.0293481135100113,
            -0.10702845994159743,
            -3.7085884091559733
        ]
    },
    {
        "r": [
            [
                0.8529270091096193,
                0.07429405935196684,
                0.5167164695230121
            ],
            [
                -0.05146669979119478,
                0.996966262454084,
                -0.05839049872143113
            ],
            [
                -0.5194869545464279,
                0.0232091420207824,
                0.8541631224670945
            ]
        ],
        "t": [
            -3.0395957005047443,
            -0.1051834011715248,
            -3.6873485104937487
        ]
    },
    {
        "r": [
            [
                0.844783947677612,
                0.07592428988228253,
                0.529693858707179
            ],
            [
                -0.05278846945200294,
                0.996879034299246,
                -0.05869896479085297
            ],
            [
                -0.5324973795608244,
                0.021626215121328462,
                0.8461553330094784
            ]
        ],
        "t": [
            -3.049915146522299,
            -0.10338708572290112,
            -3.6666647345314183
        ]
    },
    {
        "r": [
            [
                0.8364404049185352,
                0.07752991223937995,
                0.54254636827452
            ],
            [
                -0.05410518610726657,
                0.9967890313112382,
                -0.05902758587221406
            ],
            [
                -0.5453806724261643,
                0.020018485601003846,
                0.8379493912989182
            ]
        ],
        "t": [
            -3.060325989926789,
            -0.10163943452730673,
            -3.646529611340055
        ]
    },
    {
        "r": [
            [
                0.8278983629706081,
                0.07911054498272098,
                0.5552709449116926
            ],
            [
                -0.05541653695048585,
                0.9966962748716688,
                -0.05937628389647058
            ],
            [
                -0.5581337725160542,
                0.01838633540093607,
                0.829547246784366
            ]
        ],
        "t": [
            -3.070847553983793,
            -0.09994032330231323,
            -3.626935204737722
        ]
    },
    {
        "r": [
            [
                0.8191598511286171,
                0.08066581260843851,
                0.5678645656978099
            ],
            [
                -0.05672221044989299,
                0.9966007870162714,
                -0.059744976024989044
            ],
            [
                -0.5707536501334178,
                0.016730152263764567,
                0.8209508955257989
            ]
        ],
        "t": [
            -3.0814989370922605,
            -0.09828958268966925,
            -3.607873117198218
        ]
    },
    {
        "r": [
            [
                0.8102269453618239,
                0.0821953456385432,
                0.5803242388225816
            ],
            [
                -0.05802189642246139,
                0.9965025904296696,
                -0.06013357466922577
            ],
            [
                -0.5832373072302468,
                0.015050329641526375,
                0.8121623797200237
            ]
        ],
        "t": [
            -3.0922990031170006,
            -0.09668699841216483,
            -3.589334494948494
        ]
    },
    {
        "r": [
            [
                0.8011017678207876,
                0.08369878070869871,
                0.5926470042970657
            ],
            [
                -0.059315286107594505,
                0.9964017084399882,
                -0.060541987511534986
            ],
            [
                -0.595581778119834,
                0.013347266602185489,
                0.8031837872155208
            ]
        ],
        "t": [
            -3.1032663718252893,
            -0.09513231144910628,
            -3.5713100332528085
        ]
    },
    {
        "r": [
            [
                0.7917864863332149,
                0.0851757606545447,
                0.60482993465686
            ],
            [
                -0.060602072240476715,
                0.9962981650133115,
                -0.060970117527100354
            ],
            [
                -0.6077841301813185,
                0.011621367734828119,
                0.7940172510164436
            ]
        ],
        "t": [
            -3.1144194094310604,
            -0.0936252182303336,
            -3.5537899818816063
        ]
    },
    {
        "r": [
            [
                0.7822833138889582,
                0.08662593459654658,
                0.6168701356575665
            ],
            [
                -0.061881949125068836,
                0.9961919847479891,
                -0.061417863006984666
            ],
            [
                -0.6198414645563752,
                0.009873043053546197,
                0.7846649487758905
            ]
        ],
        "t": [
            -3.125776219250123,
            -0.09216537084870124,
            -3.5367641507630485
        ]
    },
    {
        "r": [
            [
                0.772594508114287,
                0.08804895802335239,
                0.6287647469623633
            ],
            [
                -0.0631546127067309,
                0.9960831928687928,
                -0.06188511758229228
            ],
            [
                -0.6317509168378829,
                0.008102707900032223,
                0.7751291022785696
            ]
        ],
        "t": [
            -3.137354632469807,
            -0.09075237729093916,
            -3.520221915815055
        ]
    },
    {
        "r": [
            [
                0.7627223707355517,
                0.08944449287363708,
                0.640510942821524
            ],
            [
                -0.06441976064445522,
                0.995971815220924,
                -0.062371770249438976
            ],
            [
                -0.6435096577504108,
                0.006310782844908335,
                0.7654119769129784
            ]
        ],
        "t": [
            -3.149172199036424,
            -0.0893858016868021,
            -3.5041522249556687
        ]
    },
    {
        "r": [
            [
                0.752669247032374,
                0.09081220761641393,
                0.6521059327437165
            ],
            [
                -0.06567709238269206,
                0.9958578782638733,
                -0.06287770539652233
            ],
            [
                -0.6551148938223542,
                0.0044976935878132535,
                0.7555158811332265
            ]
        ],
        "t": [
            -3.161246178663819,
            -0.08806516457641389,
            -3.488543604289481
        ]
    },
    {
        "r": [
            [
                0.7424375252804893,
                0.09215177732979503,
                0.6635469621589286
            ],
            [
                -0.06692630922275135,
                0.9957414090651353,
                -0.06340280283078724
            ],
            [
                -0.6665638680495692,
                0.002663870856270744,
                0.7454431659106264
            ]
        ],
        "t": [
            -3.1735935319663526,
            -0.08678994319570271,
            -3.473384164467806
        ]
    },
    {
        "r": [
            [
                0.7320296361843741,
                0.09346288377818152,
                0.6748313130728587
            ],
            [
                -0.06816711439376305,
                0.9956224352937776,
                -0.06394693780717953
            ],
            [
                -0.6778538605503404,
                0.0008097503033635337,
                0.735196224175183
            ]
        ],
        "t": [
            -3.1862309117194982,
            -0.0855595717798181,
            -3.4586616072202268
        ]
    },
    {
        "r": [
            [
                0.7214480522997955,
                0.09474521548786541,
                0.6859563047126178
            ],
            [
                -0.06939921312317995,
                0.9955009852138683,
                -0.06450998105798109
            ],
            [
                -0.688982189211532,
                -0.0010642275957627803,
                0.7247774902471167
            ]
        ],
        "t": [
            -3.199174654251295,
            -0.08437344188441609,
            -3.444363232055083
        ]
    },
    {
        "r": [
            [
                0.710695287446415,
                0.0959984678210249,
                0.6969192941635879
            ],
            [
                -0.07062231270680526,
                0.9953770876777608,
                -0.06509179882351948
            ],
            [
                -0.6999462103257651,
                -0.002957617648541501,
                0.7141894392585522
            ]
        ],
        "t": [
            -3.2124407709677714,
            -0.08323090272469191,
            -3.430475943126414
        ]
    },
    {
        "r": [
            [
                0.6997738961105936,
                0.097222343048096,
                0.7077176769972887
            ],
            [
                -0.07183612257832904,
                0.9952507721192398,
                -0.06569225288394456
            ],
            [
                -0.7107433192194715,
                -0.004869970050747217,
                0.7034345865655124
            ]
        ],
        "t": [
            -3.226044940015469,
            -0.08213126153203248,
            -3.416986256264793
        ]
    },
    {
        "r": [
            [
                0.6886864728385341,
                0.09841655041850259,
                0.7183488878900987
            ],
            [
                -0.07304035437835682,
                0.9951220685465292,
                -0.06631120059206472
            ],
            [
                -0.721370950871674,
                -0.0068008304933537475,
                0.6925154871503579
            ]
        ],
        "t": [
            -3.2400024980841047,
            -0.0810737839281579,
            -3.40388030616949
        ]
    },
    {
        "r": [
            [
                0.6774356516199042,
                0.09958080622972898,
                0.7288104012326889
            ],
            [
                -0.0742347220229139,
                0.9949910075351619,
                -0.06694849490723509
            ],
            [
                -0.731826580523348,
                -0.00874974027046238,
                0.6814347350148089
            ]
        ],
        "t": [
            -3.254328432352406,
            -0.08005769431660875,
            -3.3911438537592544
        ]
    },
    {
        "r": [
            [
                0.6660241052620928,
                0.1007148338947177,
                0.7390997317300204
            ],
            [
                -0.07541894177140894,
                0.9948576202207178,
                -0.06760398443028921
            ],
            [
                -0.7421077242772168,
                -0.010716236388274545,
                0.6701949625637014
            ]
        ],
        "t": [
            -3.2690373725800494,
            -0.07908217629144215,
            -3.378762293679057
        ]
    },
    {
        "r": [
            [
                0.6544545447552437,
                0.10181836400757706,
                0.7492144349917635
            ],
            [
                -0.07659273229404094,
                0.994721938291426,
                -0.06827751343950622
            ],
            [
                -0.7522119396878384,
                -0.012699851675083189,
                0.6587988399796183
            ]
        ],
        "t": [
            -3.284143583348635,
            -0.07814637306297922,
            -3.3667206619599943
        ]
    },
    {
        "r": [
            [
                0.6427297186282159,
                0.10289113440758271,
                0.759152108113002
            ],
            [
                -0.07775581473863358,
                0.9945839939806367,
                -0.06896892192760512
            ],
            [
                -0.762136826341849,
                -0.014700114892256665,
                0.6472490745885457
            ]
        ],
        "t": [
            -3.299660956454555,
            -0.07724938790044933,
            -3.355003643829558
        ]
    },
    {
        "r": [
            [
                0.6308524122956297,
                0.10393289024145809,
                0.7689103902450805
            ],
            [
                -0.07890791279688085,
                0.9944438200591644,
                -0.06967804563975684
            ],
            [
                -0.7718800264282168,
                -0.016716550846188834,
                0.6355484102167057
            ]
        ],
        "t": [
            -3.3156030034565687,
            -0.07639028459137381,
            -3.343595581669396
        ]
    },
    {
        "r": [
            [
                0.618825447396147,
                0.10494338402391867,
                0.7784869631564596
            ],
            [
                -0.08004875276998843,
                0.9943014498275021,
                -0.07040471611260563
            ],
            [
                -0.7814392252983772,
                -0.018748680501188636,
                0.6236996265387181
            ]
        ],
        "t": [
            -3.3319828483808163,
            -0.07556808791751402,
            -3.332480483117649
        ]
    },
    {
        "r": [
            [
                0.6066516811221473,
                0.10592237569646594,
                0.7878795517834496
            ],
            [
                -0.08117806363369494,
                0.9941569171079103,
                -0.07114876071429006
            ],
            [
                -0.7908121520161133,
                -0.020796021093282466,
                0.6117055384172447
            ]
        ],
        "t": [
            -3.3488132205860177,
            -0.07478178414721726,
            -3.321642029312894
        ]
    },
    {
        "r": [
            [
                0.594334005540958,
                0.10686963268441714,
                0.7970859247706851
            ],
            [
                -0.08229557710265821,
                0.9940102562363823,
                -0.07191000268545449
            ],
            [
                -0.7999965798970524,
                -0.02285808624490231,
                0.5995689952342764
            ]
        ],
        "t": [
            -3.3661064477914624,
            -0.07403032154397671,
            -3.311063583276698
        ]
    },
    {
        "r": [
            [
                0.5818753469077985,
                0.1077849299521568,
                0.80610389500122
            ],
            [
                -0.08340102769419036,
                0.9938615020544868,
                -0.07268826118124092
            ],
            [
                -0.8089903270376491,
                -0.024934386080432223,
                0.5872928802142163
            ]
        ],
        "t": [
            -3.383874449270418,
            -0.07331261089102376,
            -3.3007281984316825
        ]
    },
    {
        "r": [
            [
                0.5692786649706023,
                0.10866805005659763,
                0.8149313201161099
            ],
            [
                -0.08449415279132752,
                0.9937106899010909,
                -0.07348335131425154
            ],
            [
                -0.8177912568335299,
                -0.02702442734258596,
                0.5748801097389269
            ]
        ],
        "t": [
            -3.402128729211468,
            -0.07262752603176253,
            -3.2906186272520372
        ]
    },
    {
        "r": [
            [
                0.5565469522668831,
                0.10951878319883743,
                0.8235661030233637
            ],
            [
                -0.08557469270521856,
                0.993557855603965,
                -0.07429508419847167
            ],
            [
                -0.8263972784870791,
                -0.02912771350958785,
                0.5623336326548967
            ]
        ],
        "t": [
            -3.420880370250295,
            -0.07197390442584944,
            -3.280717330043291
        ]
    },
    {
        "r": [
            [
                0.5436832334128121,
                0.11033692727400005,
                0.8320061923961396
            ],
            [
                -0.08664239073681815,
                0.9934030354712711,
                -0.07512326699414236
            ],
            [
                -0.8348063475041373,
                -0.031243744913129295,
                0.5496564295726969
            ]
        ],
        "t": [
            -3.440140027174287,
            -0.07135054772072003,
            -3.2710064838481627
        ]
    },
    {
        "r": [
            [
                0.530690564384672,
                0.11112228791924857,
                0.8402495831600691
            ],
            [
                -0.08769699323786954,
                0.993246266282937,
                -0.07596770295357269
            ],
            [
                -0.8430164661797037,
                -0.033372018857072694,
                0.5368515121588908
            ]
        ],
        "t": [
            -3.459917920802372,
            -0.07075622233835438,
            -3.2614679914752442
        ]
    },
    {
        "r": [
            [
                0.5175720317928623,
                0.1118746785599593,
                0.8482943169695963
            ],
            [
                -0.08873824967116292,
                0.9930875852819192,
                -0.0768281914678802
            ],
            [
                -0.8510256840725235,
                -0.03551202973687487,
                0.5239219224205651
            ]
        ],
        "t": [
            -3.480223832042388,
            -0.07018966007707134,
            -3.2520834906472307
        ]
    },
    {
        "r": [
            [
                0.5043307521486288,
                0.11259392045404534,
                0.8561384826732102
            ],
            [
                -0.08976591267005407,
                0.9929270301653551,
                -0.07770452811464852
            ],
            [
                -0.8588320984684438,
                -0.037663269159701,
                0.5108707319826546
            ]
        ],
        "t": [
            -3.5010670961281827,
            -0.06964955872813638,
            -3.2428343632653744
        ]
    },
    {
        "r": [
            [
                0.4909698711236864,
                0.1132798427344195,
                0.8637802167674691
            ],
            [
                -0.09077973809723035,
                0.9927646390756073,
                -0.07859650470649115
            ],
            [
                -0.8664338548324326,
                -0.03982522606520153,
                0.49770104135823
            ]
        ],
        "t": [
            -3.5224565970386967,
            -0.06913458270695882,
            -3.2337017447867993
        ]
    },
    {
        "r": [
            [
                0.4774925628029155,
                0.11393228244958672,
                0.8712177038397072
            ],
            [
                -0.09177948510270936,
                0.9926004505912022,
                -0.0795039093405098
            ],
            [
                -0.8738291472491552,
                -0.04199738684692235,
                0.48441597921192137
            ]
        ],
        "t": [
            -3.5444007621011293,
            -0.06864336369865326,
            -3.224666533711261
        ]
    },
    {
        "r": [
            [
                0.4639020289303107,
                0.11455108460235533,
                0.8784491769993102
            ],
            [
                -0.09276491618105642,
                0.9924345037176653,
                -0.08042652644863484
            ],
            [
                -0.8810162188519931,
                -0.04417923547432,
                0.4710187016166575
            ]
        ],
        "t": [
            -3.5669075567802118,
            -0.06817450131773684,
            -3.215709401173929
        ]
    },
    {
        "r": [
            [
                0.45020149814835514,
                0.11513610218665946,
                0.8854729182974712
            ],
            [
                -0.09373579722780787,
                0.992266837878255,
                -0.08136413684883718
            ],
            [
                -0.8879933622404192,
                -0.0463702536153527,
                0.4575123913038903
            ]
        ],
        "t": [
            -3.5899844796556617,
            -0.06772656378171998,
            -3.2068108006406897
        ]
    },
    {
        "r": [
            [
                0.43639422523100707,
                0.11568719622248218,
                0.8922872591353136
            ],
            [
                -0.09469189759508599,
                0.9920974929045961,
                -0.0823165177971982
            ],
            [
                -0.8947589198856142,
                -0.048569920759618336,
                0.4439002569074877
            ]
        ],
        "t": [
            -3.613638557589686,
            -0.06729808859835579,
            -3.1979509777024644
        ]
    },
    {
        "r": [
            [
                0.42296132482008786,
                0.1156871962224821,
                0.8987325466102901
            ],
            [
                -0.09344654349190805,
                0.9920974929045963,
                -0.08372758256291418
            ],
            [
                -0.9013165155570219,
                -0.04856992075961825,
                0.43042943856287685
            ]
        ],
        "t": [
            -3.619384205943317,
            -0.06574345871730747,
            -3.179881224959519
        ]
    },
    {
        "r": [
            [
                0.4094332598954387,
                0.11568719622248198,
                0.9049756230537789
            ],
            [
                -0.09218016431066904,
                0.9920974929045961,
                -0.08511980897577658
            ],
            [
                -0.9076713188148298,
                -0.048569920759618176,
                0.41686177541044966
            ]
        ],
        "t": [
            -3.625403612576974,
            -0.06418327640817617,
            -3.16235011377639
        ]
    },
    {
        "r": [
            [
                0.3958130742145969,
                0.11568719622248191,
                0.9110150837999178
            ],
            [
                -0.09089304498134232,
                0.9920974929045963,
                -0.08649288379071596
            ],
            [
                -0.913821899855114,
                -0.04856992075961811,
                0.4032003201171779
            ]
        ],
        "t": [
            -3.631713970599435,
            -0.06261493106202837,
            -3.145345271144857
        ]
    },
    {
        "r": [
            [
                0.38210383226188055,
                0.11568719622248183,
                0.9168495699955178
            ],
            [
                -0.08958547510034695,
                0.9920974929045963,
                -0.08784649807169152
            ],
            [
                -0.9197668748230879,
                -0.04856992075961801,
                0.3894481464528682
            ]
        ],
        "t": [
            -3.6383321605942953,
            -0.06103582904225363,
            -3.1288539263421713
        ]
    },
    {
        "r": [
            [
                0.36830861855889374,
                0.11568719622248173,
                0.922477768905799
            ],
            [
                -0.08825774886538988,
                0.9920974929045963,
                -0.08918034726120058
            ],
            [
                -0.9255049061244642,
                -0.048569920759617934,
                0.3756083485985786
            ]
        ],
        "t": [
            -3.6452747427044003,
            -0.05944339493107381,
            -3.112862917538617
        ]
    },
    {
        "r": [
            [
                0.35443053697052157,
                0.11568719622248166,
                0.9278984142097502
            ],
            [
                -0.0869101650092727,
                0.9920974929045964,
                -0.09049413124880265
            ],
            [
                -0.931034702726407,
                -0.04856992075961783,
                0.36168404045044034
            ]
        ],
        "t": [
            -3.652557948844878,
            -0.05783507276839833,
            -3.0973586985550625
        ]
    },
    {
        "r": [
            [
                0.34047271000657375,
                0.11568719622248157,
                0.9331102862850461
            ],
            [
                -0.08554302673267793,
                0.9920974929045963,
                -0.09178755443864298
            ],
            [
                -0.9363550204480094,
                -0.048569920759617746,
                0.34767835491904375
            ]
        ],
        "t": [
            -3.6601976750474687,
            -0.05620832728259845,
            -3.0823273457681424
        ]
    },
    {
        "r": [
            [
                0.3264382781192329,
                0.11568719622248147,
                0.9381122124824576
            ],
            [
                -0.08415664163595024,
                0.9920974929045964,
                -0.09306032581596045
            ],
            [
                -0.9414646622402291,
                -0.04856992075961765,
                0.33359444322454757
            ]
        ],
        "t": [
            -3.6682094739387434,
            -0.05456064511277714,
            -3.0677545651606444
        ]
    },
    {
        "r": [
            [
                0.3123303989964663,
                0.11568719622248136,
                0.9429030673896915
            ],
            [
                -0.08275132164988763,
                0.9920974929045964,
                -0.09431215901256462
            ],
            [
                -0.946362478455219,
                -0.04856992075961755,
                0.3194354741876667
            ]
        ],
        "t": [
            -3.676608547354803,
            -0.05288953602210972,
            -3.053625699514625
        ]
    },
    {
        "r": [
            [
                0.2981522468515593,
                0.11568719622248132,
                0.9474817730846057
            ],
            [
                -0.08132738296555835,
                0.9920974929045964,
                -0.09554277237126745
            ],
            [
                -0.9510473671049937,
                -0.04856992075961748,
                0.3052046335167018
            ]
        ],
        "t": [
            -3.685409739095007,
            -0.051192534101841325,
            -3.0399257357447595
        ]
    },
    {
        "r": [
            [
                0.28390701170893134,
                0.11568719622248119,
                0.951847299377734
            ],
            [
                -0.07988514596315907,
                0.9920974929045964,
                -0.09675188900925472
            ],
            [
                -0.9555182741093702,
                -0.04856992075961736,
                0.2909051230907682
            ]
        ],
        "t": [
            -3.694627527817183,
            -0.04946719896552221,
            -3.0266393123693467
        ]
    },
    {
        "r": [
            [
                0.26959789868639245,
                0.11568719622248114,
                0.9559986640440785
            ],
            [
                -0.0784249351399311,
                0.9920974929045964,
                -0.09793923688038393
            ],
            [
                -0.9597741935331348,
                -0.04856992075961729,
                0.2765401602393859
            ]
        ],
        "t": [
            -3.7042760200768368,
            -0.047711116933066844,
            -3.0137507271163804
        ]
    },
    {
        "r": [
            [
                0.2552281272740068,
                0.11568719622248105,
                0.959934933044102
            ],
            [
                -0.07694707903714931,
                0.9920974929045964,
                -0.09910454883639311
            ],
            [
                -0.9638141678123715,
                -0.04856992075961719,
                0.2621129770185948
            ]
        ],
        "t": [
            -3.7143689435126643,
            -0.04592190220423298,
            -3.0012439446620425
        ]
    },
    {
        "r": [
            [
                0.24080093060972005,
                0.11568719622248097,
                0.9636552207338857
            ],
            [
                -0.07545191016620223,
                0.9920974929045965,
                -0.10024756268700825
            ],
            [
                -0.9676372879699108,
                -0.048569920759617094,
                0.24762681948375542
            ]
        ],
        "t": [
            -3.724919640180805,
            -0.044097198021109396,
            -2.989102604498921
        ]
    },
    {
        "r": [
            [
                0.22631955475191734,
                0.11568719622248089,
                0.9671586900643941
            ],
            [
                -0.0739397649337781,
                0.9920974929045964,
                -0.10136802125893504
            ],
            [
                -0.9712426938198461,
                -0.04856992075961699,
                0.2330849469591998
            ]
        ],
        "t": [
            -3.7359410600400915,
            -0.04223467781921236,
            -2.9773100289312313
        ]
    },
    {
        "r": [
            [
                0.21178725794907385,
                0.11568719622248086,
                0.9704445527698087
            ],
            [
                -0.07241098356617495,
                0.9920974929045964,
                -0.10246567245372178
            ],
            [
                -0.9746295741610718,
                -0.0485699207596169,
                0.2184906313048981
            ]
        ],
        "t": [
            -3.747445754590573,
            -0.04033204636679244,
            -2.965849231194276
        ]
    },
    {
        "r": [
            [
                0.19720730990666283,
                0.11568719622248075,
                0.9735120695448817
            ],
            [
                -0.07086591003275089,
                0.9920974929045964,
                -0.10354026930448014
            ],
            [
                -0.9777971669597981,
                -0.04856992075961679,
                0.20384715618030347
            ]
        ],
        "t": [
            -3.7594458706674936,
            -0.03838704089195677,
            -2.954702923695317
        ]
    },
    {
        "r": [
            [
                0.1825829910514849,
                0.11568719622248069,
                0.9763605502112805
            ],
            [
                -0.06930489196853284,
                0.9920974929045965,
                -0.10459157003145228
            ],
            [
                -0.9807447595210098,
                -0.04856992075961669,
                0.18915781630554207
            ]
        ],
        "t": [
            -3.7719531443929375,
            -0.0363974321972127,
            -2.9438535263730294
        ]
    },
    {
        "r": [
            [
                0.16791759179358678,
                0.11568719622248061,
                0.9789893538728719
            ],
            [
                -0.06772828059599967,
                0.9920974929045965,
                -0.10561933809640969
            ],
            [
                -0.983471688648815,
                -0.04856992075961658,
                0.17442591672011554
            ]
        ],
        "t": [
            -3.7849788952871646,
            -0.03436102576105177,
            -2.933283175172642
        ]
    },
    {
        "r": [
            [
                0.15321441178593165,
                0.11568719622248054,
                0.9813978890599226
            ],
            [
                -0.06613643064605894,
                0.9920974929045965,
                -0.10662334225587367
            ],
            [
                -0.9859773407956645,
                -0.04856992075961647,
                0.15965477203928036
            ]
        ],
        "t": [
            -3.798534020541795,
            -0.03227566282618466,
            -2.92297373063384
        ]
    },
    {
        "r": [
            [
                0.13847675918199315,
                0.11568719622248051,
                0.9835856138621761
            ],
            [
                -0.06452970027823386,
                0.9920974929045965,
                -0.10760335661314396
            ],
            [
                -0.9882611522003959,
                -0.04856992075961639,
                0.14484770570827488
            ]
        ],
        "t": [
            -3.8126289894567287,
            -0.030139221474054012,
            -2.9129067865884766
        ]
    },
    {
        "r": [
            [
                0.12370794989143351,
                0.11568719622248043,
                0.985552036050781
            ],
            [
                -0.06290845100007876,
                0.9920974929045965,
                -0.1085591606691245
            ],
            [
                -0.9903226090150772,
                -0.048569920759616275,
                0.130008049254557
            ]
        ],
        "t": [
            -3.8272738380428635,
            -0.027949617685247452,
            -2.903063678965084
        ]
    },
    {
        "r": [
            [
                0.10891130683403721,
                0.11568719622248037,
                0.987296713189041
            ],
            [
                -0.06127304758584169,
                0.9920974929045966,
                -0.10949053937193501
            ],
            [
                -0.9921612474206224,
                -0.048569920759616164,
                0.11513914153822424
            ]
        ],
        "t": [
            -3.84247816379245,
            -0.025704806385440704,
            -2.893425494697174
        ]
    },
    {
        "r": [
            [
                0.09409015919206908,
                0.1156871962224803,
                0.9888192527319604
            ],
            [
                -0.059623857994391544,
                0.9920974929045965,
                -0.1103972831652966
            ],
            [
                -0.9937766537311468,
                -0.04856992075961608,
                0.10024432800078453
            ]
        ],
        "t": [
            -3.858251120618924,
            -0.023402782476509676,
            -2.8839730807322383
        ]
    },
    {
        "r": [
            [
                0.07924784166122315,
                0.11568719622248025,
                0.9901193121145647
            ],
            [
                -0.057961253286428926,
                0.9920974929045965,
                -0.11127918803568101
            ],
            [
                -0.9951684644870454,
                -0.04856992075961594,
                0.08532695991244788
            ]
        ],
        "t": [
            -3.8746014139680254,
            -0.021041581852446645,
            -2.8746870531383895
        ]
    },
    {
        "r": [
            [
                0.06438769370032742,
                0.11568719622248018,
                0.9911965988289779
            ],
            [
                -0.05628560754099905,
                0.9920974929045965,
                -0.11213605555821297
            ],
            [
                -0.9963363665367702,
                -0.048569920759615845,
                0.07039039361810095
            ]
        ],
        "t": [
            -3.8915372961019616,
            -0.018619282399726655,
            -2.8655478063054605
        ]
    },
    {
        "r": [
            [
                0.04951305877998247,
                0.11568719622248014,
                0.9920508704902342
            ],
            [
                -0.054597297771325604,
                0.9920974929045966,
                -0.11296769294131478
            ],
            [
                -0.9972800971072868,
                -0.04856992075961575,
                0.05543798978214709
            ]
        ],
        "t": [
            -3.909066561558251,
            -0.01613400498177381,
            -2.8565355222374635
        ]
    },
    {
        "r": [
            [
                0.034627283630294055,
                0.1156871962224801,
                0.9926819348908132
            ],
            [
                -0.052896703839984224,
                0.9920974929045966,
                -0.11377391307008365
            ],
            [
                -0.9979994438631979,
                -0.04856992075961562,
                0.040473112632369745
            ]
        ],
        "t": [
            -3.927196542784886,
            -0.013583914407181819,
            -2.8476301799331725
        ]
    },
    {
        "r": [
            [
                0.019733717487871193,
                0.11568719622248005,
                0.9930896500438874
            ],
            [
