[
    {
        "0": {
            "t": [
                -3.0089893469241793,
                -0.11086489695181873,
                -3.7527640949141423
            ],
            "r": [
                [
                    0.8761342012188561,
                    0.06925962026449778,
                    0.47706599800804744
                ],
                [
                    -0.04747421839895103,
                    0.9972110940209488,
                    -0.05758673934988209
                ],
                [
                    -0.4797239414934442,
                    0.02780537650095985,
                    0.8769787916452907
                ]
            ]
        }
    },
    {
        "1": {
            "t": [
                -3.613638557589683,
                -0.06729808859831961,
                -3.1979509777024706
            ],
            "r": [
                [
                    0.43639422523100724,
                    0.11568719622248679,
                    0.8922872591353124
                ],
                [
                    -0.09469189759508258,
                    0.9920974929045961,
                    -0.08231651779720474
                ],
                [
                    -0.8947589198856136,
                    -0.048569920759612153,
                    0.4439002569074878
                ]
            ]
        }
    },
    {
        "2": {
            "t": [
                -4.193633570611917,
                0.022676605704994485,
                -2.7415847449199897
            ],
            "r": [
                [
                    -0.14365158875297365,
                    0.1156871962224867,
                    0.9828431684042606
                ],
                [
                    -0.03167319331832142,
                    0.9920974929045967,
                    -0.1214058211019362
                ],
                [
                    -0.9891213423406477,
                    -0.048569920759612244,
                    -0.1388521981231778
                ]
            ]
        }
    },
    {
        "3": {
            "t": [
                -3.9013574410518177,
                -1.481964313835144,
                -1.7046332522687075
            ],
            "r": [
                [
                    -0.143651588752975,
                    -0.7645279499504156,
                    0.628379849130569
                ],
                [
                    -0.03167319331832158,
                    0.6381920389064065,
                    0.7692254092926806
                ],
                [
                    -0.9891213423406492,
                    0.09059765571519994,
                    -0.11589234187444437
                ]
            ]
        }
    }
]